Submission: 000
	Grade= 61.5384615385
	SearchRepair= 72.4116532323
	Student= 61.5384615385
Submission: 000
	Grade= 61.5384615385
	SearchRepair= 72.4116532323
	Student= 61.5384615385
Submission: 000
	Grade= 61.5384615385
	SearchRepair= 72.4116532323
	Student= 61.5384615385
