Submission: 007
	Grade= 84.6153846154
	SearchRepair= 95.7092907093
	Student= 84.6153846154
Submission: 007
	Grade= 84.6153846154
	SearchRepair= 95.7092907093
	Student= 84.6153846154
Submission: 007
	Grade= 92.3076923077
	SearchRepair= 97.8546453546
	Student= 92.3076923077
