Submission: 000
	Grade= 69.2307692308
	SearchRepair= 69.2307692308
	Student= 69.2307692308
Submission: 000
	Grade= 69.2307692308
	SearchRepair= 69.2307692308
	Student= 69.2307692308
Submission: 000
	Grade= 69.2307692308
	SearchRepair= 69.2307692308
	Student= 69.2307692308
