Submission: 000
	Grade= 92.3076923077
	SearchRepair= 92.3076923077
	Student= 92.3076923077
Submission: 000
	Grade= 92.3076923077
	SearchRepair= 92.3076923077
	Student= 92.3076923077
Submission: 000
	Grade= 92.3076923077
	SearchRepair= 92.3076923077
	Student= 92.3076923077
