Submission: 000
	Grade= 50.0
	SearchRepair= 73.1209150327
	Student= 50.0
Submission: 000
	Grade= 50.0
	SearchRepair= 73.1209150327
	Student= 50.0
Submission: 000
	Grade= 50.0
	SearchRepair= 73.1209150327
	Student= 50.0
