Submission: 001
	Grade= 81.25
	SearchRepair= 95.5510752688
	Student= 81.25
Submission: 001
	Grade= 81.25
	SearchRepair= 95.5510752688
	Student= 81.25
Submission: 001
	Grade= 81.25
	SearchRepair= 95.5510752688
	Student= 81.25
