Submission: 000
	Grade= 50.0
	SearchRepair= 77.6388888889
	Student= 50.0
Submission: 000
	Grade= 50.0
	SearchRepair= 77.6388888889
	Student= 50.0
Submission: 000
	Grade= 50.0
	SearchRepair= 77.6388888889
	Student= 50.0
