Submission: 001
	Grade= 50.0
	SearchRepair= 77.905982906
	Student= 50.0
Submission: 001
	Grade= 50.0
	SearchRepair= 77.905982906
	Student= 50.0
Submission: 001
	Grade= 50.0
	SearchRepair= 77.905982906
	Student= 50.0
