Submission: 001
	Grade= 50.0
	SearchRepair= 72.8444444444
	Student= 50.0
Submission: 001
	Grade= 50.0
	SearchRepair= 72.8444444444
	Student= 50.0
Submission: 001
	Grade= 50.0
	SearchRepair= 72.8444444444
	Student= 50.0
