Submission: 001
	Grade= 50.0
	SearchRepair= 73.0747339767
	Student= 50.0
Submission: 001
	Grade= 50.0
	SearchRepair= 73.0747339767
	Student= 50.0
Submission: 001
	Grade= 50.0
	SearchRepair= 73.0747339767
	Student= 50.0
