Submission: 001
	Grade= 87.5
	SearchRepair= 98.1076388889
	Student= 87.5
Submission: 001
	Grade= 87.5
	SearchRepair= 98.1076388889
	Student= 87.5
Submission: 001
	Grade= 87.5
	SearchRepair= 98.1076388889
	Student= 87.5
