Submission: 006
	Grade= 50.0
	SearchRepair= 73.6999776436
	Student= 50.0
Submission: 006
	Grade= 50.0
	SearchRepair= 73.6999776436
	Student= 50.0
Submission: 006
	Grade= 50.0
	SearchRepair= 73.6999776436
	Student= 50.0
