Submission: 000
	Grade= 88.8888888889
	SearchRepair= 95.1354349095
	Student= 88.8888888889
Submission: 000
	Grade= 88.8888888889
	SearchRepair= 95.1354349095
	Student= 88.8888888889
Submission: 000
	Grade= 88.8888888889
	SearchRepair= 95.1354349095
	Student= 88.8888888889
